12 15
51  44  32  92  62  30  34  48  60  99  26  43  92  68  39  
83  32  94  85  42  58  55  18  11  66  44  35  28  98  72  
42  25  78  64  23  54  10  57  76  95  27  59  23  61  12  
25  25  11  45  33  61  16  71  29  49  60  36  51  82  43  
40  21  65  81  78  10  80  20  57  78  67  49  23  43  58  
76  54  87  79  30  77  28  71  91  73  61  18  47  36  79  
90  16  38  93  10  33  53  53  49  95  71  40  77  60  52  
44  68  11  87  21  90  19  41  71  50  12  21  98  85  29  
70  28  85  52  50  55  37  30  96  94  44  23  10  71  85  
97  25  53  76  62  68  43  39  38  29  64  23  62  53  86  
52  68  51  72  91  75  35  34  37  40  30  35  91  87  11  
25  73  39  36  61  20  61  45  10  86  55  44  87  16  76  




